n = 4
count = 199
#1
1 2
1 3
1 4
#2
1 2
1 3
4 1
#3
1 2
1 3
1 4
4 1
#4
1 2
3 1
4 1
#5
1 2
3 1
1 4
4 1
#6
1 2
1 3
3 1
1 4
4 1
#7
1 2
2 1
3 1
4 1
#8
1 2
2 1
3 1
1 4
4 1
#9
1 2
2 1
1 3
3 1
1 4
4 1
#10
1 2
3 2
1 4
#11
1 2
3 2
4 1
#12
1 2
3 2
1 4
4 1
#13
1 2
1 3
2 3
1 4
#14
1 2
1 3
2 3
4 1
#15
1 2
1 3
2 3
1 4
4 1
#16
1 2
1 3
2 3
3 2
1 4
#17
1 2
1 3
2 3
3 2
4 1
#18
1 2
1 3
2 3
3 2
1 4
4 1
#19
1 2
3 1
2 3
1 4
#20
1 2
3 1
2 3
4 1
#21
1 2
3 1
2 3
1 4
4 1
#22
1 2
3 1
2 3
3 2
1 4
#23
1 2
3 1
2 3
3 2
4 1
#24
1 2
3 1
2 3
3 2
1 4
4 1
#25
1 2
1 3
3 1
3 2
1 4
#26
1 2
1 3
3 1
3 2
4 1
#27
1 2
1 3
3 1
3 2
1 4
4 1
#28
1 2
1 3
3 1
2 3
3 2
1 4
#29
1 2
1 3
3 1
2 3
3 2
4 1
#30
1 2
1 3
3 1
2 3
3 2
1 4
4 1
#31
1 2
2 1
1 3
3 1
2 3
3 2
1 4
#32
1 2
2 1
1 3
3 1
2 3
3 2
4 1
#33
1 2
2 1
1 3
3 1
2 3
3 2
1 4
4 1
#34
1 2
1 3
2 4
#35
1 2
1 3
2 4
4 2
#36
1 2
3 1
2 4
#37
1 2
3 1
2 4
4 2
#38
1 2
1 3
3 1
2 4
#39
1 2
1 3
3 1
2 4
4 2
#40
1 2
2 1
3 1
2 4
#41
1 2
2 1
3 1
4 2
#42
1 2
2 1
3 1
2 4
4 2
#43
1 2
2 1
1 3
3 1
2 4
#44
1 2
2 1
1 3
3 1
2 4
4 2
#45
1 2
3 2
4 2
#46
1 2
1 3
2 3
2 4
#47
1 2
1 3
2 3
4 2
#48
1 2
1 3
2 3
2 4
4 2
#49
1 2
1 3
2 3
3 2
2 4
#50
1 2
1 3
2 3
3 2
4 2
#51
1 2
1 3
2 3
3 2
2 4
4 2
#52
1 2
3 1
2 3
3 2
2 4
#53
1 2
3 1
2 3
3 2
4 2
#54
1 2
3 1
2 3
3 2
2 4
4 2
#55
1 2
1 3
3 1
3 2
2 4
#56
1 2
1 3
3 1
3 2
4 2
#57
1 2
1 3
3 1
3 2
2 4
4 2
#58
1 2
1 3
3 1
2 3
3 2
2 4
#59
1 2
1 3
3 1
2 3
3 2
4 2
#60
1 2
1 3
3 1
2 3
3 2
2 4
4 2
#61
1 2
1 3
3 1
3 4
#62
1 2
1 3
2 3
3 4
#63
1 2
1 3
2 3
4 3
#64
1 2
1 3
2 3
3 4
4 3
#65
1 2
3 1
2 3
3 2
3 4
#66
1 2
3 1
2 3
3 2
4 3
#67
1 2
3 1
2 3
3 2
3 4
4 3
#68
1 2
1 3
3 1
2 3
3 2
3 4
#69
1 2
1 3
3 1
2 3
3 2
4 3
#70
1 2
1 3
3 1
2 3
3 2
3 4
4 3
#71
1 2
1 3
2 3
1 4
2 4
#72
1 2
1 3
2 3
1 4
4 2
#73
1 2
1 3
2 3
1 4
2 4
4 2
#74
1 2
1 3
2 3
4 1
2 4
#75
1 2
1 3
2 3
4 1
4 2
#76
1 2
1 3
2 3
4 1
2 4
4 2
#77
1 2
1 3
2 3
1 4
4 1
2 4
#78
1 2
1 3
2 3
1 4
4 1
4 2
#79
1 2
1 3
2 3
1 4
4 1
2 4
4 2
#80
1 2
1 3
2 3
3 2
1 4
4 2
#81
1 2
1 3
2 3
3 2
1 4
2 4
4 2
#82
1 2
1 3
2 3
3 2
4 1
2 4
#83
1 2
1 3
2 3
3 2
4 1
4 2
#84
1 2
1 3
2 3
3 2
4 1
2 4
4 2
#85
1 2
1 3
2 3
3 2
1 4
4 1
2 4
#86
1 2
1 3
2 3
3 2
1 4
4 1
4 2
#87
1 2
1 3
2 3
3 2
1 4
4 1
2 4
4 2
#88
1 2
3 1
2 3
1 4
4 2
#89
1 2
3 1
2 3
4 1
2 4
#90
1 2
3 1
2 3
4 1
4 2
#91
1 2
3 1
2 3
4 1
2 4
4 2
#92
1 2
3 1
2 3
1 4
4 1
2 4
#93
1 2
3 1
2 3
1 4
4 1
4 2
#94
1 2
3 1
2 3
1 4
4 1
2 4
4 2
#95
1 2
3 1
2 3
3 2
1 4
4 2
#96
1 2
3 1
2 3
3 2
4 1
4 2
#97
1 2
3 1
2 3
3 2
4 1
2 4
4 2
#98
1 2
3 1
2 3
3 2
1 4
4 1
2 4
#99
1 2
3 1
2 3
3 2
1 4
4 1
4 2
#100
1 2
3 1
2 3
3 2
1 4
4 1
2 4
4 2
#101
1 2
1 3
3 1
3 2
1 4
4 2
#102
1 2
1 3
3 1
3 2
4 1
4 2
#103
1 2
1 3
3 1
3 2
1 4
4 1
2 4
#104
1 2
1 3
3 1
3 2
1 4
4 1
4 2
#105
1 2
1 3
3 1
3 2
1 4
4 1
2 4
4 2
#106
1 2
1 3
3 1
2 3
3 2
1 4
4 2
#107
1 2
1 3
3 1
2 3
3 2
4 1
4 2
#108
1 2
1 3
3 1
2 3
3 2
1 4
4 1
2 4
#109
1 2
1 3
3 1
2 3
3 2
1 4
4 1
2 4
4 2
#110
1 2
2 1
1 3
3 1
2 3
3 2
1 4
2 4
#111
1 2
2 1
1 3
3 1
2 3
3 2
1 4
4 2
#112
1 2
2 1
1 3
3 1
2 3
3 2
1 4
2 4
4 2
#113
1 2
2 1
1 3
3 1
2 3
3 2
4 1
4 2
#114
1 2
2 1
1 3
3 1
2 3
3 2
4 1
2 4
4 2
#115
1 2
2 1
1 3
3 1
2 3
3 2
1 4
4 1
2 4
4 2
#116
1 2
3 2
1 4
3 4
#117
1 2
3 2
1 4
4 3
#118
1 2
3 2
1 4
3 4
4 3
#119
1 2
3 2
4 1
4 3
#120
1 2
3 2
4 1
3 4
4 3
#121
1 2
3 2
1 4
4 1
3 4
4 3
#122
1 2
1 3
2 3
1 4
4 3
#123
1 2
1 3
2 3
4 1
4 3
#124
1 2
1 3
2 3
1 4
4 1
3 4
#125
1 2
3 1
2 3
3 2
1 4
3 4
4 3
#126
1 2
3 1
2 3
3 2
4 1
4 3
#127
1 2
1 3
3 1
3 2
1 4
3 4
#128
1 2
1 3
3 1
3 2
1 4
4 3
#129
1 2
1 3
3 1
3 2
1 4
3 4
4 3
#130
1 2
1 3
3 1
3 2
4 1
4 3
#131
1 2
1 3
3 1
3 2
4 1
3 4
4 3
#132
1 2
1 3
3 1
2 3
3 2
1 4
4 3
#133
1 2
1 3
3 1
2 3
3 2
1 4
3 4
4 3
#134
1 2
1 3
3 1
2 3
3 2
4 1
3 4
#135
1 2
1 3
3 1
2 3
3 2
4 1
4 3
#136
1 2
1 3
3 1
2 3
3 2
4 1
3 4
4 3
#137
1 2
1 3
3 1
2 3
3 2
1 4
4 1
3 4
#138
1 2
1 3
3 1
2 3
3 2
1 4
4 1
4 3
#139
1 2
1 3
2 4
3 4
4 3
#140
1 2
1 3
2 4
4 2
3 4
4 3
#141
1 2
3 1
2 4
4 3
#142
1 2
3 1
2 4
3 4
4 3
#143
1 2
3 1
2 4
4 2
3 4
4 3
#144
1 2
1 3
3 1
2 4
4 2
3 4
#145
1 2
1 3
3 1
2 4
4 2
4 3
#146
1 2
1 3
3 1
2 4
4 2
3 4
4 3
#147
1 2
2 1
1 3
3 1
2 4
4 2
3 4
4 3
#148
1 2
1 3
2 3
4 2
4 3
#149
1 2
1 3
2 3
3 2
2 4
4 3
#150
1 2
1 3
2 3
3 2
4 2
4 3
#151
1 2
1 3
2 3
3 2
4 2
3 4
4 3
#152
1 2
3 1
2 3
3 2
2 4
4 3
#153
1 2
3 1
2 3
3 2
4 2
3 4
#154
1 2
3 1
2 3
3 2
4 2
3 4
4 3
#155
1 2
3 1
2 3
3 2
2 4
4 2
4 3
#156
1 2
1 3
3 1
2 3
3 2
4 2
3 4
4 3
#157
1 2
1 3
3 1
2 3
3 2
2 4
4 2
4 3
#158
1 2
1 3
2 3
1 4
2 4
3 4
#159
1 2
1 3
2 3
1 4
2 4
3 4
4 3
#160
1 2
1 3
2 3
1 4
4 2
3 4
#161
1 2
1 3
2 3
1 4
4 2
3 4
4 3
#162
1 2
1 3
2 3
1 4
2 4
4 2
4 3
#163
1 2
1 3
2 3
1 4
2 4
4 2
3 4
4 3
#164
1 2
1 3
2 3
4 1
2 4
3 4
#165
1 2
1 3
2 3
4 1
2 4
4 3
#166
1 2
1 3
2 3
4 1
2 4
3 4
4 3
#167
1 2
1 3
2 3
4 1
4 2
3 4
4 3
#168
1 2
1 3
2 3
4 1
2 4
4 2
3 4
#169
1 2
1 3
2 3
4 1
2 4
4 2
4 3
#170
1 2
1 3
2 3
4 1
2 4
4 2
3 4
4 3
#171
1 2
1 3
2 3
1 4
4 1
2 4
3 4
4 3
#172
1 2
1 3
2 3
1 4
4 1
4 2
3 4
#173
1 2
1 3
2 3
1 4
4 1
4 2
4 3
#174
1 2
1 3
2 3
1 4
4 1
4 2
3 4
4 3
#175
1 2
1 3
2 3
1 4
4 1
2 4
4 2
3 4
#176
1 2
1 3
2 3
1 4
4 1
2 4
4 2
4 3
#177
1 2
1 3
2 3
1 4
4 1
2 4
4 2
3 4
4 3
#178
1 2
1 3
2 3
3 2
1 4
2 4
4 2
3 4
4 3
#179
1 2
1 3
2 3
3 2
4 1
2 4
3 4
#180
1 2
1 3
2 3
3 2
4 1
2 4
3 4
4 3
#181
1 2
1 3
2 3
3 2
4 1
2 4
4 2
3 4
4 3
#182
1 2
1 3
2 3
3 2
1 4
4 1
2 4
3 4
#183
1 2
1 3
2 3
3 2
1 4
4 1
2 4
4 3
#184
1 2
1 3
2 3
3 2
1 4
4 1
2 4
3 4
4 3
#185
1 2
1 3
2 3
3 2
1 4
4 1
4 2
4 3
#186
1 2
1 3
2 3
3 2
1 4
4 1
4 2
3 4
4 3
#187
1 2
1 3
2 3
3 2
1 4
4 1
2 4
4 2
3 4
4 3
#188
1 2
3 1
2 3
4 1
2 4
4 2
3 4
4 3
#189
1 2
3 1
2 3
1 4
4 1
2 4
4 2
3 4
4 3
#190
1 2
3 1
2 3
3 2
4 1
2 4
4 2
3 4
4 3
#191
1 2
3 1
2 3
3 2
1 4
4 1
2 4
4 3
#192
1 2
3 1
2 3
3 2
1 4
4 1
2 4
3 4
4 3
#193
1 2
3 1
2 3
3 2
1 4
4 1
4 2
3 4
4 3
#194
1 2
3 1
2 3
3 2
1 4
4 1
2 4
4 2
3 4
4 3
#195
1 2
1 3
3 1
3 2
1 4
4 1
4 2
3 4
4 3
#196
1 2
1 3
3 1
3 2
1 4
4 1
2 4
4 2
3 4
4 3
#197
1 2
1 3
3 1
2 3
3 2
1 4
4 1
2 4
4 2
3 4
#198
1 2
1 3
3 1
2 3
3 2
1 4
4 1
2 4
4 2
3 4
4 3
#199
1 2
2 1
1 3
3 1
2 3
3 2
1 4
4 1
2 4
4 2
3 4
4 3
